//MatLab
mean/std
Initial
	source
	0.601307 0.005990
	0.601307 0.005990
	0.601307 0.005990
	target
	0.636601 0.067050
	0.648366 0.067050
	0.660131 0.070297

In LMS format
	source
	0.583280 0.179983
	0.582462 0.174574
	0.570579 0.145182
	target
	0.422387 0.236915
	0.390429 0.210691
	0.357399 0.173560

After log10
	source
	-0.256491 0.143437
	-0.255817 0.139227
	-0.258878 0.118174
	target
	-0.452441 0.268428
	-0.478228 0.251917
	-0.501515 0.222236

Final(in lab) 
	source
	-0.445244 0.230544
	0.002224 0.027478
	-0.000477 0.004231
	target
	-0.826872 0.427757
	0.029542 0.040994
	0.018234 0.015771
	
//OpenCV
mean std
initial source
        0 0.582179 0.195033
        1 0.581547 0.172889
        2 0.567760 0.140310
after convert to LMS source
        0 0.349942 0.111305
        1 0.831075 0.254734
        2 0.548297 0.139026
after log10 source
        0 -0.479809 0.148033
        1 -0.102444 0.142537
        2 -0.276072 0.117762
initial target
        0 0.527065 0.329403
        1 0.355715 0.186701
        2 0.352302 0.167891
after convert to LMS target
        0 0.279324 0.164105
        1 0.607858 0.341067
        2 0.346489 0.168418
after log10 target
        0 -0.642753 0.288168
        1 -0.294790 0.269471
        2 -0.515433 0.223454
in lab source
        0 -0.514053 0.225618
        1 -0.123628 0.065015
        2 -0.193372 0.031117
in lab target
        0 -0.855908 0.432621
        1 -0.126975 0.124311
        2 -0.130399 0.054533